23.94 22.41 21.50 20.74 19.89 19.23 19.24 18.80 17.17 26.35 24.66 22.63 22.44 21.14 20.18 18.47 16.41 15.31 25.22 24.57 23.07 21.43 20.15 18.68 17.34 14.99 13.51 20.42 22.67 21.19 20.24 18.89 18.08 17.03 15.32 13.27 22.93 21.70 20.86 19.90 17.53 17.72 16.47 15.50 15.21 
23.94 22.41 21.50 20.74 19.89 19.25 19.25 18.81 17.17 26.35 24.65 22.66 22.45 21.14 20.18 18.48 16.41 15.31 25.22 24.57 23.07 21.39 20.15 18.68 17.34 15.01 13.49 20.42 22.68 21.19 20.23 18.85 18.05 17.02 15.30 13.23 22.93 21.70 20.87 19.89 17.52 17.70 16.44 15.46 15.18 
23.94 22.41 21.51 20.74 19.90 19.26 19.25 18.81 17.18 26.35 24.63 22.69 22.45 21.15 20.18 18.48 16.41 15.31 25.23 24.58 23.07 21.35 20.15 18.68 17.35 15.04 13.46 20.43 22.68 21.20 20.23 18.81 18.02 17.00 15.28 13.19 22.94 21.71 20.87 19.89 17.50 17.67 16.41 15.43 15.15 
23.94 22.42 21.51 20.74 19.90 19.28 19.25 18.81 17.18 26.35 24.62 22.71 22.46 21.15 20.19 18.48 16.42 15.31 25.23 24.58 23.07 21.30 20.15 18.68 17.35 15.06 13.44 20.43 22.69 21.20 20.22 18.76 17.99 16.99 15.26 13.14 22.94 21.71 20.87 19.89 17.48 17.65 16.37 15.39 15.12 
23.94 22.42 21.51 20.75 19.90 19.29 19.25 18.81 17.18 26.35 24.60 22.74 22.46 21.15 20.19 18.48 16.42 15.31 25.23 24.58 23.07 21.24 20.15 18.68 17.35 15.08 13.42 20.44 22.69 21.21 20.21 18.70 17.96 16.97 15.24 13.08 22.95 21.72 20.88 19.89 17.47 17.62 16.33 15.34 15.09 
23.94 22.42 21.52 20.75 19.90 19.31 19.26 18.82 17.18 26.35 24.59 22.76 22.46 21.15 20.19 18.49 16.42 15.32 25.24 24.59 23.07 21.16 20.14 18.68 17.36 15.10 13.40 20.44 22.69 21.21 20.21 18.62 17.92 16.95 15.22 13.01 22.95 21.72 20.88 19.88 17.45 17.59 16.29 15.30 15.06 
23.93 22.42 21.52 20.75 19.91 19.32 19.26 18.82 17.19 26.34 24.57 22.78 22.47 21.16 20.20 18.49 16.42 15.32 25.24 24.59 23.07 21.09 20.14 18.68 17.36 15.11 13.37 20.44 22.70 21.21 20.20 18.55 17.89 16.94 15.19 12.92 22.95 21.73 20.88 19.88 17.43 17.56 16.25 15.24 15.02 
23.93 22.43 21.53 20.75 19.91 19.34 19.26 18.82 17.19 26.34 24.55 22.80 22.47 21.16 20.20 18.49 16.43 15.32 25.24 24.59 23.07 21.01 20.14 18.68 17.36 15.13 13.34 20.45 22.70 21.22 20.19 18.46 17.85 16.92 15.17 12.84 22.96 21.73 20.89 19.87 17.40 17.52 16.20 15.19 14.98 
23.93 22.43 21.53 20.76 19.91 19.35 19.27 18.82 17.19 26.34 24.53 22.82 22.48 21.16 20.21 18.50 16.43 15.32 25.25 24.59 23.06 20.93 20.13 18.68 17.36 15.14 13.31 20.45 22.71 21.22 20.18 18.37 17.80 16.90 15.14 12.75 22.96 21.73 20.89 19.87 17.38 17.48 16.15 15.13 14.94 
23.92 22.43 21.54 20.76 19.91 19.36 19.27 18.83 17.19 26.33 24.51 22.84 22.48 21.16 20.21 18.50 16.43 15.32 25.25 24.60 23.06 20.83 20.13 18.68 17.37 15.15 13.28 20.46 22.71 21.22 20.17 18.28 17.75 16.87 15.11 12.65 22.97 21.74 20.89 19.86 17.36 17.44 16.10 15.06 14.89 
23.92 22.44 21.54 20.76 19.92 19.38 19.28 18.83 17.20 26.33 24.48 22.86 22.48 21.17 20.21 18.50 16.44 15.32 25.25 24.60 23.06 20.72 20.12 18.67 17.37 15.17 13.25 20.46 22.72 21.23 20.16 18.16 17.70 16.85 15.08 12.54 22.97 21.74 20.89 19.85 17.33 17.40 16.04 14.99 14.84 
23.92 22.44 21.54 20.77 19.92 19.39 19.28 18.83 17.20 26.32 24.46 22.88 22.49 21.17 20.22 18.50 16.44 15.33 25.26 24.60 23.05 20.60 20.12 18.67 17.37 15.18 13.21 20.46 22.72 21.23 20.14 18.04 17.64 16.82 15.05 12.42 22.98 21.75 20.90 19.84 17.30 17.35 15.97 14.91 14.79 
